[gd_scene load_steps=60 format=3 uid="uid://c5hqrk4a5k8bp"]

[ext_resource type="Script" path="res://Scripts/monster_1.gd" id="1_yl0gg"]
[ext_resource type="ArrayMesh" uid="uid://d4k3titsk37um" path="res://Assets/monster/something/head.res" id="2_wn670"]
[ext_resource type="Shader" path="res://monster_1.gdshader" id="3_fjmjw"]
[ext_resource type="ArrayMesh" uid="uid://dcc4qlm6w1yr" path="res://Assets/monster/something/shirt.res" id="3_l2vdd"]
[ext_resource type="ArrayMesh" uid="uid://bp3p1tepoxndl" path="res://Assets/monster/something/hands.res" id="4_6cfn1"]
[ext_resource type="ArrayMesh" uid="uid://bwg4wl7pjc1cu" path="res://Assets/monster/hairs/hair1.res" id="4_fkrpg"]
[ext_resource type="Animation" uid="uid://bwoh0vifnf6dw" path="res://Assets/monster/attack_real.res" id="5_2dmh8"]
[ext_resource type="ArrayMesh" uid="uid://cslye2ub5m3u6" path="res://Assets/monster/something/scalp.res" id="5_maob8"]
[ext_resource type="Animation" uid="uid://bf4be6yw5om8r" path="res://Assets/monster/idle.real.res" id="6_2nl0e"]
[ext_resource type="Animation" uid="uid://u3ctcxyghjap" path="res://Assets/monster/something/falling.res" id="7_vvp36"]
[ext_resource type="AudioStream" uid="uid://b7adjcij7a4nc" path="res://Sounds/monster1/rustle14.mp3" id="8_asy6c"]
[ext_resource type="AudioStream" uid="uid://bl078phn0ity8" path="res://Sounds/monster1/scared.mp3" id="9_un7sb"]
[ext_resource type="AudioStream" uid="uid://beuk7mdkhb27q" path="res://Sounds/monster1/thump1.mp3" id="10_001h1"]
[ext_resource type="AudioStream" uid="uid://wetkuugg3ac7" path="res://Sounds/monster1/thump2.mp3" id="11_hps3h"]

[sub_resource type="Skin" id="Skin_w0q3h"]
resource_name = "Skin"
bind_count = 33
bind/0/name = &"Bone"
bind/0/bone = -1
bind/0/pose = Transform3D(1, 0, -2.38419e-07, 0, 1, 0, 2.38419e-07, 0, 1, 0.000420713, -0.904709, 2.56195e-08)
bind/1/name = &"Bone.024"
bind/1/bone = -1
bind/1/pose = Transform3D(0.865217, 0.245162, -0.437381, 0.272619, -0.962122, 3.7253e-08, -0.420812, -0.119238, -0.899277, -0.267718, 0.782122, 0.130209)
bind/2/name = &"Bone.025"
bind/2/bone = -1
bind/2/pose = Transform3D(0.897771, 0.0520282, -0.437385, 0.0554487, -0.99845, -0.00495133, -0.436963, -0.0198071, -0.899261, -0.177678, 0.484586, 0.0837502)
bind/3/name = &"Bone.026"
bind/3/bone = -1
bind/3/pose = Transform3D(0.918539, -0.388956, -0.0707194, -2.31714e-06, -0.178886, 0.983871, -0.395335, -0.903722, -0.164313, -0.15881, 0.0111299, 0.121569)
bind/4/name = &"Bone.027"
bind/4/bone = -1
bind/4/pose = Transform3D(0.865214, -0.245161, -0.43738, -0.27262, -0.962122, -2.98023e-07, -0.420812, 0.119239, -0.899277, 0.25895, 0.784884, -0.125945)
bind/5/name = &"Bone.028"
bind/5/bone = -1
bind/5/pose = Transform3D(0.897768, -0.0476869, -0.437879, -0.0554501, -0.998449, -0.00495214, -0.436963, 0.0287263, -0.899021, 0.166432, 0.485148, -0.083735)
bind/6/name = &"Bone.029"
bind/6/bone = -1
bind/6/pose = Transform3D(0.918538, -0.388956, -0.0707194, 7.45058e-08, -0.178886, 0.98387, -0.395333, -0.903722, -0.164313, 0.188151, 0.0111295, -0.0277614)
bind/7/name = &"Bone.030"
bind/7/bone = -1
bind/7/pose = Transform3D(1, 0, -2.38419e-07, 0, 1, 0, 2.38419e-07, 0, 1, 0.00274381, -1.02402, -8.81918e-08)
bind/8/name = &"Bone.001"
bind/8/bone = -1
bind/8/pose = Transform3D(-0.815034, -0.579413, 6.41209e-07, 0.579413, -0.815034, -2.43866e-07, 6.63906e-07, 1.72766e-07, 1, 1.08495, 0.979252, -4.95098e-07)
bind/9/name = &"Bone.002"
bind/9/bone = -1
bind/9/pose = Transform3D(0.84132, -0.540537, 4.75889e-07, 0.540538, 0.84132, 1.13039e-07, -4.61477e-07, 1.62134e-07, 1, 0.112696, -1.21433, 1.48402e-07)
bind/10/name = &"left"
bind/10/bone = -1
bind/10/pose = Transform3D(0.994017, -0.109233, 4.55769e-07, 0.109233, 0.994016, 1.33555e-07, -4.67631e-07, -8.29708e-08, 1, -0.602208, -1.46355, 4.93523e-07)
bind/11/name = &"l21"
bind/11/bone = -1
bind/11/pose = Transform3D(0.993601, -0.112955, 4.97658e-07, 0.112955, 0.9936, 1.33499e-07, -5.09553e-07, -7.64315e-08, 1, -0.595668, -1.64102, 5.15696e-07)
bind/12/name = &"l22"
bind/12/bone = -1
bind/12/pose = Transform3D(0.829355, -0.558723, 5.46873e-07, 0.558723, 0.829354, 1.11431e-07, -5.15811e-07, 2.13135e-07, 1, 0.329737, -1.92472, 5.13973e-09)
bind/13/name = &"l11"
bind/13/bone = -1
bind/13/pose = Transform3D(0.557402, -0.830243, 2.48305e-07, 0.830243, 0.557402, 7.48915e-08, -2.00584e-07, 1.64409e-07, 1, 0.82541, -1.54341, -8.68114e-08)
bind/14/name = &"l12"
bind/14/bone = -1
bind/14/pose = Transform3D(-0.0148133, -0.99989, 5.02052e-07, 0.999891, -0.0148131, -1.99056e-09, 9.42709e-09, 5.01967e-07, 1, 1.67628, -0.969587, -8.5656e-07)
bind/15/name = &"l31"
bind/15/bone = -1
bind/15/pose = Transform3D(0.998328, 0.0578138, 4.22992e-07, -0.0578136, 0.998327, 1.34134e-07, -4.1453e-07, -1.58365e-07, 1, -0.81634, -1.54951, 5.49181e-07)
bind/16/name = &"l32"
bind/16/bone = -1
bind/16/pose = Transform3D(0.470588, 0.882353, 6.71429e-07, -0.882354, 0.470588, 6.32279e-08, -2.60177e-07, -6.22192e-07, 1, -1.92052, -0.215411, 1.27203e-06)
bind/17/name = &"l41"
bind/17/bone = -1
bind/17/pose = Transform3D(0.427961, 0.903797, 7.21545e-07, -0.903798, 0.427961, 5.75006e-08, -2.56825e-07, -6.76738e-07, 1, -1.72166, -0.029709, 1.24341e-06)
bind/18/name = &"l42"
bind/18/bone = -1
bind/18/pose = Transform3D(0.888621, -0.458643, 6.1992e-07, 0.458643, 0.88862, 1.19394e-07, -6.05633e-07, 1.78226e-07, 1, 0.330776, -1.71135, -1.52213e-08)
bind/19/name = &"Bone.012"
bind/19/bone = -1
bind/19/pose = Transform3D(-0.815034, 0.579412, 3.37297e-07, -0.579412, -0.815034, -2.43866e-07, 1.33611e-07, -3.94194e-07, 1, -1.0798, 0.982914, 5.65692e-07)
bind/20/name = &"Bone.013"
bind/20/bone = -1
bind/20/pose = Transform3D(0.84132, 0.540537, 5.98056e-07, -0.540537, 0.84132, 1.13038e-07, -4.42054e-07, -4.18373e-07, 1, -0.118012, -1.21091, 2.72224e-07)
bind/21/name = &"right"
bind/21/bone = -1
bind/21/pose = Transform3D(0.994016, 0.109233, 4.9634e-07, -0.109232, 0.994016, 1.33554e-07, -4.78781e-07, -1.86972e-07, 1, 0.595926, -1.46286, -7.68185e-08)
bind/22/name = &"r21"
bind/22/bone = -1
bind/22/pose = Transform3D(0.9936, 0.112955, 4.54587e-07, -0.112955, 0.9936, 1.33499e-07, -4.36598e-07, -1.83992e-07, 1, 0.589388, -1.64031, -4.87663e-08)
bind/23/name = &"r22"
bind/23/bone = -1
bind/23/pose = Transform3D(0.829354, 0.558723, 6.23088e-07, -0.558722, 0.829355, 1.1143e-07, -4.54501e-07, -4.40549e-07, 1, -0.334977, -1.92119, 3.93791e-07)
bind/24/name = &"r11"
bind/24/bone = -1
bind/24/pose = Transform3D(0.557402, 0.830243, 4.70819e-07, -0.830242, 0.557402, 7.4891e-08, -2.00257e-07, -4.32638e-07, 1, -0.828932, -1.53817, 5.08026e-07)
bind/25/name = &"r12"
bind/25/bone = -1
bind/25/pose = Transform3D(-0.0148134, 0.99989, 9.91943e-07, -0.99989, -0.0148137, -1.99131e-09, 1.27039e-08, -9.91864e-07, 1, -1.67619, -0.963267, 1.64771e-06)
bind/26/name = &"r31"
bind/26/bone = -1
bind/26/pose = Transform3D(0.998327, -0.0578139, 2.85998e-07, 0.0578142, 0.998327, 1.34134e-07, -2.93274e-07, -1.17375e-07, 1, 0.810031, -1.54987, -2.77419e-08)
bind/27/name = &"r32"
bind/27/bone = -1
bind/27/pose = Transform3D(0.470588, -0.882353, 3.08542e-07, 0.882353, 0.470588, 6.32285e-08, -2.00985e-07, 2.42488e-07, 1, 1.91754, -0.220989, -6.08752e-07)
bind/28/name = &"r41"
bind/28/bone = -1
bind/28/pose = Transform3D(0.427961, -0.903797, 4.98259e-07, 0.903797, 0.427961, 5.7501e-08, -2.65204e-07, 4.25716e-07, 1, 1.71896, -0.0354216, -8.55006e-07)
bind/29/name = &"r42"
bind/29/bone = -1
bind/29/pose = Transform3D(0.88862, 0.458643, 8.17074e-07, -0.458642, 0.888621, 1.19393e-07, -6.71309e-07, -4.80841e-07, 1, -0.336392, -1.70845, 4.64344e-07)
bind/30/name = &"Bone.031"
bind/30/bone = -1
bind/30/pose = Transform3D(1, 2.92627e-07, -3.76488e-07, 1.42109e-14, 0.789552, 0.613684, 4.76837e-07, -0.613684, 0.789552, 0.0027434, -1.10797, 0.861178)
bind/31/name = &"head"
bind/31/bone = -1
bind/31/pose = Transform3D(1, 5.94753e-08, -2.30882e-07, 4.1204e-10, 0.967953, 0.25113, 2.38419e-07, -0.25113, 0.967953, 0.0042315, -1.48295, 0.297762)
bind/32/name = &"Bone.004"
bind/32/bone = -1
bind/32/pose = Transform3D(1, 0, 0, 0, 1, 0, 0, 0, 1, 0, -0.799964, 2.22045e-16)

[sub_resource type="StandardMaterial3D" id="StandardMaterial3D_iiiri"]

[sub_resource type="ArrayMesh" id="ArrayMesh_unv14"]
resource_name = "monster2_Cube_003"
_surfaces = [{
"aabb": AABB(-0.0349526, 1.40385, -0.0292099, 0.0699051, 0.1446, 0.13986),
"attribute_data": PackedByteArray(0, 0, 192, 62, 0, 0, 0, 0, 0, 0, 0, 62, 0, 0, 128, 62, 0, 0, 192, 62, 0, 0, 128, 63, 0, 0, 96, 63, 0, 0, 128, 62, 0, 0, 32, 63, 0, 0, 0, 0, 0, 0, 32, 63, 0, 0, 128, 63, 0, 0, 192, 62, 0, 0, 64, 63, 0, 0, 0, 62, 0, 0, 0, 63, 0, 0, 192, 62, 0, 0, 64, 63, 0, 0, 32, 63, 0, 0, 64, 63, 0, 0, 96, 63, 0, 0, 0, 63, 0, 0, 32, 63, 0, 0, 64, 63, 0, 0, 192, 62, 0, 0, 128, 62, 0, 0, 192, 62, 0, 0, 128, 62, 0, 0, 192, 62, 0, 0, 128, 62, 0, 0, 32, 63, 0, 0, 128, 62, 0, 0, 32, 63, 0, 0, 128, 62, 0, 0, 32, 63, 0, 0, 128, 62, 0, 0, 192, 62, 0, 0, 0, 63, 0, 0, 192, 62, 0, 0, 0, 63, 0, 0, 192, 62, 0, 0, 0, 63, 0, 0, 32, 63, 0, 0, 0, 63, 0, 0, 32, 63, 0, 0, 0, 63, 0, 0, 32, 63, 0, 0, 0, 63, 119, 169, 21, 63, 0, 0, 0, 0, 119, 169, 21, 63, 0, 0, 128, 63, 119, 169, 21, 63, 0, 0, 64, 63, 119, 169, 21, 63, 0, 0, 64, 63, 119, 169, 21, 63, 0, 0, 0, 63, 119, 169, 21, 63, 0, 0, 0, 63, 119, 169, 21, 63, 0, 0, 128, 62, 119, 169, 21, 63, 0, 0, 128, 62, 208, 151, 207, 62, 0, 0, 64, 63, 208, 151, 207, 62, 0, 0, 64, 63, 207, 151, 207, 62, 0, 0, 0, 63, 207, 151, 207, 62, 0, 0, 0, 63, 208, 151, 207, 62, 252, 255, 127, 62, 208, 151, 207, 62, 252, 255, 127, 62, 206, 151, 207, 62, 0, 0, 0, 0, 206, 151, 207, 62, 0, 0, 128, 63),
"bone_aabbs": [AABB(0, 0, 0, -1, -1, -1), AABB(0, 0, 0, -1, -1, -1), AABB(0, 0, 0, -1, -1, -1), AABB(0, 0, 0, -1, -1, -1), AABB(0, 0, 0, -1, -1, -1), AABB(0, 0, 0, -1, -1, -1), AABB(0, 0, 0, -1, -1, -1), AABB(0, 0, 0, -1, -1, -1), AABB(0, 0, 0, -1, -1, -1), AABB(0, 0, 0, -1, -1, -1), AABB(0, 0, 0, -1, -1, -1), AABB(0, 0, 0, -1, -1, -1), AABB(0, 0, 0, -1, -1, -1), AABB(0, 0, 0, -1, -1, -1), AABB(0, 0, 0, -1, -1, -1), AABB(0, 0, 0, -1, -1, -1), AABB(0, 0, 0, -1, -1, -1), AABB(0, 0, 0, -1, -1, -1), AABB(0, 0, 0, -1, -1, -1), AABB(0, 0, 0, -1, -1, -1), AABB(0, 0, 0, -1, -1, -1), AABB(0, 0, 0, -1, -1, -1), AABB(0, 0, 0, -1, -1, -1), AABB(0, 0, 0, -1, -1, -1), AABB(0, 0, 0, -1, -1, -1), AABB(0, 0, 0, -1, -1, -1), AABB(0, 0, 0, -1, -1, -1), AABB(0, 0, 0, -1, -1, -1), AABB(0, 0, 0, -1, -1, -1), AABB(0, 0, 0, -1, -1, -1), AABB(-0.0349526, 1.40385, -0.0292099, 0.0699051, 0.1446, 0.13986)],
"format": 34359745559,
"index_count": 84,
"index_data": PackedByteArray(25, 0, 11, 0, 5, 0, 25, 0, 27, 0, 11, 0, 26, 0, 21, 0, 9, 0, 26, 0, 28, 0, 21, 0, 29, 0, 16, 0, 23, 0, 29, 0, 30, 0, 16, 0, 31, 0, 4, 0, 17, 0, 31, 0, 24, 0, 4, 0, 7, 0, 14, 0, 20, 0, 7, 0, 1, 0, 14, 0, 22, 0, 3, 0, 10, 0, 22, 0, 15, 0, 3, 0, 37, 0, 24, 0, 31, 0, 37, 0, 38, 0, 24, 0, 35, 0, 30, 0, 29, 0, 35, 0, 36, 0, 30, 0, 32, 0, 28, 0, 26, 0, 32, 0, 34, 0, 28, 0, 39, 0, 27, 0, 25, 0, 39, 0, 33, 0, 27, 0, 2, 0, 33, 0, 39, 0, 2, 0, 8, 0, 33, 0, 6, 0, 34, 0, 32, 0, 6, 0, 18, 0, 34, 0, 19, 0, 36, 0, 35, 0, 19, 0, 12, 0, 36, 0, 13, 0, 38, 0, 37, 0, 13, 0, 0, 0, 38, 0),
"lods": [1.68746e-05, PackedByteArray(39, 0, 11, 0, 5, 0, 39, 0, 33, 0, 11, 0, 2, 0, 33, 0, 39, 0, 2, 0, 8, 0, 33, 0, 32, 0, 21, 0, 9, 0, 32, 0, 34, 0, 21, 0, 6, 0, 34, 0, 32, 0, 6, 0, 18, 0, 34, 0, 35, 0, 16, 0, 23, 0, 35, 0, 36, 0, 16, 0, 19, 0, 36, 0, 35, 0, 19, 0, 12, 0, 36, 0, 37, 0, 4, 0, 17, 0, 37, 0, 38, 0, 4, 0, 13, 0, 38, 0, 37, 0, 13, 0, 0, 0, 38, 0, 7, 0, 14, 0, 20, 0, 7, 0, 1, 0, 14, 0, 22, 0, 3, 0, 10, 0, 22, 0, 15, 0, 3, 0)],
"material": SubResource("StandardMaterial3D_iiiri"),
"primitive": 3,
"skin_data": PackedByteArray(30, 0, 0, 0, 0, 0, 0, 0, 255, 255, 0, 0, 0, 0, 0, 0, 30, 0, 0, 0, 0, 0, 0, 0, 255, 255, 0, 0, 0, 0, 0, 0, 30, 0, 0, 0, 0, 0, 0, 0, 255, 255, 0, 0, 0, 0, 0, 0, 30, 0, 0, 0, 0, 0, 0, 0, 255, 255, 0, 0, 0, 0, 0, 0, 30, 0, 0, 0, 0, 0, 0, 0, 255, 255, 0, 0, 0, 0, 0, 0, 30, 0, 0, 0, 0, 0, 0, 0, 255, 255, 0, 0, 0, 0, 0, 0, 30, 0, 0, 0, 0, 0, 0, 0, 255, 255, 0, 0, 0, 0, 0, 0, 30, 0, 0, 0, 0, 0, 0, 0, 255, 255, 0, 0, 0, 0, 0, 0, 30, 0, 0, 0, 0, 0, 0, 0, 255, 255, 0, 0, 0, 0, 0, 0, 30, 0, 0, 0, 0, 0, 0, 0, 255, 255, 0, 0, 0, 0, 0, 0, 30, 0, 0, 0, 0, 0, 0, 0, 255, 255, 0, 0, 0, 0, 0, 0, 30, 0, 0, 0, 0, 0, 0, 0, 255, 255, 0, 0, 0, 0, 0, 0, 30, 0, 0, 0, 0, 0, 0, 0, 255, 255, 0, 0, 0, 0, 0, 0, 30, 0, 0, 0, 0, 0, 0, 0, 255, 255, 0, 0, 0, 0, 0, 0, 30, 0, 0, 0, 0, 0, 0, 0, 255, 255, 0, 0, 0, 0, 0, 0, 30, 0, 0, 0, 0, 0, 0, 0, 255, 255, 0, 0, 0, 0, 0, 0, 30, 0, 0, 0, 0, 0, 0, 0, 255, 255, 0, 0, 0, 0, 0, 0, 30, 0, 0, 0, 0, 0, 0, 0, 255, 255, 0, 0, 0, 0, 0, 0, 30, 0, 0, 0, 0, 0, 0, 0, 255, 255, 0, 0, 0, 0, 0, 0, 30, 0, 0, 0, 0, 0, 0, 0, 255, 255, 0, 0, 0, 0, 0, 0, 30, 0, 0, 0, 0, 0, 0, 0, 255, 255, 0, 0, 0, 0, 0, 0, 30, 0, 0, 0, 0, 0, 0, 0, 255, 255, 0, 0, 0, 0, 0, 0, 30, 0, 0, 0, 0, 0, 0, 0, 255, 255, 0, 0, 0, 0, 0, 0, 30, 0, 0, 0, 0, 0, 0, 0, 255, 255, 0, 0, 0, 0, 0, 0, 30, 0, 0, 0, 0, 0, 0, 0, 255, 255, 0, 0, 0, 0, 0, 0, 30, 0, 0, 0, 0, 0, 0, 0, 255, 255, 0, 0, 0, 0, 0, 0, 30, 0, 0, 0, 0, 0, 0, 0, 255, 255, 0, 0, 0, 0, 0, 0, 30, 0, 0, 0, 0, 0, 0, 0, 255, 255, 0, 0, 0, 0, 0, 0, 30, 0, 0, 0, 0, 0, 0, 0, 255, 255, 0, 0, 0, 0, 0, 0, 30, 0, 0, 0, 0, 0, 0, 0, 255, 255, 0, 0, 0, 0, 0, 0, 30, 0, 0, 0, 0, 0, 0, 0, 255, 255, 0, 0, 0, 0, 0, 0, 30, 0, 0, 0, 0, 0, 0, 0, 255, 255, 0, 0, 0, 0, 0, 0, 30, 0, 0, 0, 0, 0, 0, 0, 255, 255, 0, 0, 0, 0, 0, 0, 30, 0, 0, 0, 0, 0, 0, 0, 255, 255, 0, 0, 0, 0, 0, 0, 30, 0, 0, 0, 0, 0, 0, 0, 255, 255, 0, 0, 0, 0, 0, 0, 30, 0, 0, 0, 0, 0, 0, 0, 255, 255, 0, 0, 0, 0, 0, 0, 30, 0, 0, 0, 0, 0, 0, 0, 255, 255, 0, 0, 0, 0, 0, 0, 30, 0, 0, 0, 0, 0, 0, 0, 255, 255, 0, 0, 0, 0, 0, 0, 30, 0, 0, 0, 0, 0, 0, 0, 255, 255, 0, 0, 0, 0, 0, 0, 30, 0, 0, 0, 0, 0, 0, 0, 255, 255, 0, 0, 0, 0, 0, 0),
"uv_scale": Vector4(0, 0, 0, 0),
"vertex_count": 40,
"vertex_data": PackedByteArray(107, 42, 15, 189, 84, 177, 179, 63, 222, 17, 187, 60, 107, 42, 15, 189, 84, 177, 179, 63, 222, 17, 187, 60, 107, 42, 15, 189, 84, 177, 179, 63, 222, 17, 187, 60, 107, 42, 15, 189, 89, 58, 192, 63, 126, 156, 226, 61, 107, 42, 15, 189, 89, 58, 192, 63, 126, 156, 226, 61, 107, 42, 15, 189, 89, 58, 192, 63, 126, 156, 226, 61, 107, 42, 15, 189, 147, 170, 185, 63, 154, 73, 239, 188, 107, 42, 15, 189, 147, 170, 185, 63, 154, 73, 239, 188, 107, 42, 15, 189, 147, 170, 185, 63, 154, 73, 239, 188, 107, 42, 15, 189, 152, 51, 198, 63, 65, 11, 112, 61, 107, 42, 15, 189, 152, 51, 198, 63, 65, 11, 112, 61, 107, 42, 15, 189, 152, 51, 198, 63, 65, 11, 112, 61, 107, 42, 15, 61, 84, 177, 179, 63, 222, 17, 187, 60, 107, 42, 15, 61, 84, 177, 179, 63, 222, 17, 187, 60, 107, 42, 15, 61, 84, 177, 179, 63, 222, 17, 187, 60, 107, 42, 15, 61, 89, 58, 192, 63, 126, 156, 226, 61, 107, 42, 15, 61, 89, 58, 192, 63, 126, 156, 226, 61, 107, 42, 15, 61, 89, 58, 192, 63, 126, 156, 226, 61, 107, 42, 15, 61, 147, 170, 185, 63, 154, 73, 239, 188, 107, 42, 15, 61, 147, 170, 185, 63, 154, 73, 239, 188, 107, 42, 15, 61, 147, 170, 185, 63, 154, 73, 239, 188, 107, 42, 15, 61, 152, 51, 198, 63, 65, 11, 112, 61, 107, 42, 15, 61, 152, 51, 198, 63, 65, 11, 112, 61, 107, 42, 15, 61, 152, 51, 198, 63, 65, 11, 112, 61, 107, 42, 15, 189, 253, 51, 190, 63, 146, 143, 197, 61, 107, 42, 15, 189, 253, 51, 190, 63, 146, 143, 197, 61, 107, 42, 15, 189, 60, 45, 196, 63, 104, 241, 53, 61, 107, 42, 15, 189, 60, 45, 196, 63, 104, 241, 53, 61, 107, 42, 15, 61, 60, 45, 196, 63, 104, 241, 53, 61, 107, 42, 15, 61, 60, 45, 196, 63, 104, 241, 53, 61, 107, 42, 15, 61, 253, 51, 190, 63, 146, 143, 197, 61, 107, 42, 15, 61, 253, 51, 190, 63, 146, 143, 197, 61, 107, 42, 15, 189, 128, 49, 187, 63, 41, 167, 151, 188, 107, 42, 15, 189, 128, 49, 187, 63, 41, 167, 151, 188, 107, 42, 15, 61, 128, 49, 187, 63, 41, 167, 151, 188, 107, 42, 15, 61, 128, 49, 187, 63, 41, 167, 151, 188, 107, 42, 15, 61, 65, 56, 181, 63, 39, 90, 9, 61, 107, 42, 15, 61, 65, 56, 181, 63, 39, 90, 9, 61, 107, 42, 15, 189, 65, 56, 181, 63, 39, 90, 9, 61, 107, 42, 15, 189, 65, 56, 181, 63, 39, 90, 9, 61, 255, 127, 124, 67, 255, 127, 189, 225, 124, 67, 0, 0, 255, 255, 255, 191, 0, 0, 255, 127, 255, 127, 189, 225, 255, 127, 123, 195, 0, 0, 255, 191, 255, 127, 124, 67, 255, 127, 189, 225, 0, 0, 255, 127, 255, 127, 189, 225, 123, 195, 255, 255, 255, 127, 189, 225, 124, 67, 0, 0, 255, 255, 255, 191, 0, 0, 255, 127, 255, 127, 189, 225, 123, 195, 255, 255, 255, 127, 189, 225, 255, 127, 123, 195, 0, 0, 255, 191, 0, 0, 255, 127, 255, 127, 189, 225, 255, 255, 255, 127, 255, 127, 189, 225, 255, 127, 124, 67, 255, 127, 189, 225, 124, 67, 0, 0, 255, 255, 255, 191, 255, 127, 123, 195, 0, 0, 255, 191, 255, 255, 255, 127, 255, 127, 189, 225, 255, 127, 124, 67, 255, 127, 189, 225, 123, 195, 255, 255, 255, 127, 189, 225, 255, 255, 255, 127, 255, 127, 189, 225, 124, 67, 0, 0, 255, 255, 255, 191, 123, 195, 255, 255, 255, 127, 189, 225, 255, 127, 123, 195, 0, 0, 255, 191, 255, 255, 255, 127, 255, 127, 189, 225, 255, 127, 124, 67, 255, 127, 189, 225, 0, 0, 255, 127, 255, 127, 189, 225, 123, 195, 255, 255, 255, 127, 189, 225, 0, 0, 255, 127, 255, 127, 189, 225, 123, 195, 255, 255, 255, 127, 189, 225, 255, 255, 255, 127, 255, 127, 189, 225, 255, 255, 255, 127, 255, 127, 189, 225, 255, 127, 124, 67, 255, 127, 189, 225, 123, 195, 255, 255, 255, 127, 189, 225, 0, 0, 255, 127, 255, 127, 189, 225, 123, 195, 255, 255, 255, 127, 189, 225, 255, 255, 255, 127, 255, 127, 189, 225, 255, 255, 255, 127, 255, 127, 189, 225, 255, 127, 124, 67, 255, 127, 189, 225, 255, 127, 124, 67, 255, 127, 189, 225, 0, 0, 255, 127, 255, 127, 189, 225)
}]
blend_shape_mode = 0

[sub_resource type="StandardMaterial3D" id="StandardMaterial3D_l2fds"]
resource_name = "black"
cull_mode = 2
albedo_color = Color(0, 0, 0, 1)
roughness = 0.47

[sub_resource type="ArrayMesh" id="ArrayMesh_i6xr6"]
resource_name = "monster2_Cube_004"
_surfaces = [{
"aabb": AABB(-0.219755, -0.000934467, -0.0679453, 0.439511, 0.877464, 0.220587),
"attribute_data": PackedByteArray(0, 0, 192, 62, 0, 0, 0, 0, 0, 0, 192, 62, 0, 0, 128, 63, 0, 0, 32, 63, 0, 0, 0, 0, 0, 0, 96, 63, 0, 0, 128, 62, 0, 0, 192, 62, 0, 0, 64, 63, 0, 0, 32, 63, 0, 0, 64, 63, 0, 0, 96, 63, 0, 0, 0, 63, 0, 0, 192, 62, 0, 0, 128, 62, 0, 0, 32, 63, 0, 0, 128, 62, 0, 0, 192, 62, 0, 0, 0, 63, 0, 0, 32, 63, 0, 0, 0, 63, 0, 0, 192, 62, 0, 0, 0, 0, 0, 0, 192, 62, 0, 0, 128, 63, 0, 0, 192, 62, 0, 0, 64, 63, 0, 0, 192, 62, 0, 0, 128, 62, 0, 0, 192, 62, 0, 0, 0, 63, 0, 0, 192, 62, 0, 0, 0, 0, 0, 0, 192, 62, 0, 0, 128, 63, 0, 0, 192, 62, 0, 0, 64, 63, 0, 0, 192, 62, 0, 0, 128, 62, 0, 0, 192, 62, 0, 0, 0, 63, 0, 0, 192, 62, 0, 0, 0, 0, 0, 0, 192, 62, 0, 0, 128, 63, 0, 0, 192, 62, 0, 0, 64, 63, 0, 0, 192, 62, 0, 0, 128, 62, 0, 0, 192, 62, 0, 0, 0, 63, 0, 0, 192, 62, 0, 0, 0, 0, 0, 0, 192, 62, 0, 0, 128, 63, 0, 0, 192, 62, 0, 0, 64, 63, 0, 0, 192, 62, 0, 0, 128, 62, 0, 0, 192, 62, 0, 0, 0, 63, 0, 0, 0, 62, 0, 0, 128, 62, 0, 0, 192, 62, 0, 0, 128, 63, 0, 0, 0, 62, 0, 0, 0, 63, 0, 0, 192, 62, 0, 0, 64, 63, 0, 0, 192, 62, 0, 0, 128, 62, 0, 0, 192, 62, 0, 0, 0, 63, 0, 0, 192, 62, 0, 0, 64, 63, 0, 0, 192, 62, 0, 0, 0, 0, 0, 0, 192, 62, 0, 0, 128, 63, 0, 0, 192, 62, 0, 0, 128, 62, 0, 0, 192, 62, 0, 0, 0, 63, 0, 0, 0, 63, 0, 0, 0, 0, 0, 0, 0, 63, 0, 0, 64, 63, 0, 0, 0, 63, 0, 0, 0, 63, 0, 0, 0, 63, 0, 0, 128, 62, 0, 0, 0, 62, 0, 0, 128, 62, 0, 0, 192, 62, 0, 0, 128, 63, 0, 0, 192, 62, 0, 0, 128, 62, 0, 0, 192, 62, 0, 0, 0, 0, 0, 0, 192, 62, 0, 0, 128, 63, 0, 0, 192, 62, 0, 0, 128, 62, 0, 0, 0, 62, 0, 0, 128, 62, 0, 0, 192, 62, 0, 0, 0, 0, 0, 0, 192, 62, 0, 0, 128, 63, 0, 0, 192, 62, 0, 0, 128, 62, 0, 0, 192, 62, 0, 0, 0, 0, 0, 0, 192, 62, 0, 0, 128, 63, 0, 0, 192, 62, 0, 0, 128, 62, 0, 0, 192, 62, 0, 0, 128, 62, 0, 0, 32, 63, 0, 0, 128, 62, 0, 0, 192, 62, 0, 0, 0, 63, 0, 0, 32, 63, 0, 0, 0, 63, 0, 0, 192, 62, 0, 0, 0, 0, 0, 0, 192, 62, 0, 0, 128, 63, 0, 0, 192, 62, 0, 0, 64, 63, 0, 0, 192, 62, 0, 0, 128, 62, 0, 0, 192, 62, 0, 0, 0, 63, 0, 0, 192, 62, 0, 0, 0, 0, 0, 0, 192, 62, 0, 0, 128, 63, 0, 0, 192, 62, 0, 0, 64, 63, 0, 0, 192, 62, 0, 0, 128, 62, 0, 0, 192, 62, 0, 0, 0, 63, 0, 0, 192, 62, 0, 0, 0, 0, 0, 0, 192, 62, 0, 0, 128, 63, 0, 0, 192, 62, 0, 0, 64, 63, 0, 0, 192, 62, 0, 0, 128, 62, 0, 0, 192, 62, 0, 0, 0, 63, 0, 0, 192, 62, 0, 0, 0, 0, 0, 0, 192, 62, 0, 0, 128, 63, 0, 0, 192, 62, 0, 0, 64, 63, 0, 0, 192, 62, 0, 0, 128, 62, 0, 0, 192, 62, 0, 0, 0, 63, 0, 0, 0, 62, 0, 0, 128, 62, 0, 0, 192, 62, 0, 0, 128, 63, 0, 0, 0, 62, 0, 0, 0, 63, 0, 0, 192, 62, 0, 0, 64, 63, 0, 0, 192, 62, 0, 0, 128, 62, 0, 0, 192, 62, 0, 0, 0, 63, 0, 0, 192, 62, 0, 0, 64, 63, 0, 0, 192, 62, 0, 0, 0, 0, 0, 0, 192, 62, 0, 0, 128, 63, 0, 0, 192, 62, 0, 0, 128, 62, 0, 0, 192, 62, 0, 0, 0, 63, 0, 0, 0, 63, 0, 0, 0, 63, 0, 0, 0, 63, 0, 0, 128, 62, 0, 0, 0, 62, 0, 0, 128, 62, 0, 0, 192, 62, 0, 0, 128, 63, 0, 0, 192, 62, 0, 0, 128, 62, 0, 0, 192, 62, 0, 0, 0, 0, 0, 0, 192, 62, 0, 0, 128, 63, 0, 0, 192, 62, 0, 0, 128, 62, 0, 0, 0, 62, 0, 0, 128, 62, 0, 0, 192, 62, 0, 0, 0, 0, 0, 0, 192, 62, 0, 0, 128, 63, 0, 0, 192, 62, 0, 0, 128, 62, 0, 0, 192, 62, 0, 0, 0, 0, 0, 0, 192, 62, 0, 0, 128, 63, 0, 0, 192, 62, 0, 0, 128, 62, 0, 0, 32, 63, 0, 0, 0, 0, 0, 0, 96, 63, 0, 0, 128, 62, 0, 0, 96, 63, 0, 0, 128, 62, 0, 0, 96, 63, 0, 0, 128, 62, 0, 0, 96, 63, 0, 0, 128, 62, 0, 0, 32, 63, 0, 0, 64, 63, 0, 0, 96, 63, 0, 0, 0, 63, 0, 0, 96, 63, 0, 0, 0, 63, 0, 0, 32, 63, 0, 0, 128, 62, 0, 0, 32, 63, 0, 0, 128, 62, 0, 0, 32, 63, 0, 0, 128, 62, 0, 0, 32, 63, 0, 0, 0, 63, 0, 0, 32, 63, 0, 0, 0, 63, 0, 0, 32, 63, 0, 0, 0, 63, 0, 0, 32, 63, 0, 0, 0, 63, 0, 0, 192, 62, 0, 0, 0, 63, 0, 0, 192, 62, 0, 0, 0, 63, 0, 0, 192, 62, 0, 0, 0, 63, 0, 0, 0, 62, 0, 0, 128, 62, 0, 0, 0, 62, 0, 0, 128, 62, 0, 0, 0, 62, 0, 0, 128, 62, 0, 0, 192, 62, 0, 0, 128, 62, 0, 0, 192, 62, 0, 0, 128, 62, 0, 0, 32, 63, 0, 0, 128, 62, 0, 0, 32, 63, 0, 0, 128, 62, 0, 0, 32, 63, 0, 0, 128, 62, 0, 0, 32, 63, 0, 0, 128, 62, 0, 0, 32, 63, 0, 0, 0, 63, 0, 0, 32, 63, 0, 0, 0, 63, 0, 0, 32, 63, 0, 0, 0, 63, 0, 0, 32, 63, 0, 0, 0, 63, 0, 0, 32, 63, 0, 0, 0, 63, 0, 0, 32, 63, 0, 0, 0, 63, 0, 0, 192, 62, 0, 0, 0, 63, 0, 0, 192, 62, 0, 0, 0, 63, 0, 0, 192, 62, 0, 0, 0, 63, 0, 0, 192, 62, 0, 0, 0, 63, 0, 0, 0, 62, 0, 0, 128, 62, 0, 0, 0, 62, 0, 0, 128, 62, 0, 0, 192, 62, 0, 0, 128, 63, 0, 0, 192, 62, 0, 0, 128, 63, 0, 0, 192, 62, 0, 0, 0, 0, 0, 0, 192, 62, 0, 0, 0, 0, 0, 0, 192, 62, 0, 0, 0, 0, 0, 0, 192, 62, 0, 0, 128, 63, 0, 0, 192, 62, 0, 0, 128, 63, 0, 0, 0, 62, 0, 0, 128, 62, 0, 0, 192, 62, 0, 0, 0, 0, 0, 0, 192, 62, 0, 0, 128, 63, 0, 0, 192, 62, 0, 0, 128, 62, 0, 0, 192, 62, 0, 0, 128, 62, 0, 0, 192, 62, 0, 0, 128, 62, 0, 0, 192, 62, 0, 0, 0, 0, 0, 0, 192, 62, 0, 0, 128, 63, 0, 0, 192, 62, 0, 0, 128, 63, 0, 0, 192, 62, 0, 0, 128, 63, 0, 0, 192, 62, 0, 0, 128, 63, 0, 0, 32, 63, 0, 0, 0, 0, 0, 0, 96, 63, 0, 0, 128, 62, 0, 0, 96, 63, 0, 0, 128, 62, 0, 0, 96, 63, 0, 0, 128, 62, 0, 0, 96, 63, 0, 0, 128, 62, 0, 0, 32, 63, 0, 0, 64, 63, 0, 0, 96, 63, 0, 0, 0, 63, 0, 0, 96, 63, 0, 0, 0, 63, 0, 0, 32, 63, 0, 0, 128, 62, 0, 0, 32, 63, 0, 0, 128, 62, 0, 0, 32, 63, 0, 0, 128, 62, 0, 0, 32, 63, 0, 0, 128, 62, 0, 0, 32, 63, 0, 0, 128, 62, 0, 0, 32, 63, 0, 0, 128, 62, 0, 0, 32, 63, 0, 0, 0, 63, 0, 0, 32, 63, 0, 0, 0, 63, 0, 0, 32, 63, 0, 0, 0, 63, 0, 0, 32, 63, 0, 0, 0, 63, 0, 0, 192, 62, 0, 0, 64, 63, 0, 0, 192, 62, 0, 0, 64, 63, 0, 0, 192, 62, 0, 0, 64, 63, 0, 0, 192, 62, 0, 0, 64, 63, 0, 0, 192, 62, 0, 0, 64, 63, 0, 0, 192, 62, 0, 0, 0, 63, 0, 0, 192, 62, 0, 0, 0, 63, 0, 0, 192, 62, 0, 0, 0, 63, 0, 0, 192, 62, 0, 0, 0, 63, 0, 0, 192, 62, 0, 0, 0, 63, 0, 0, 0, 62, 0, 0, 0, 63, 0, 0, 192, 62, 0, 0, 64, 63, 0, 0, 192, 62, 0, 0, 64, 63, 0, 0, 192, 62, 0, 0, 64, 63, 0, 0, 192, 62, 0, 0, 64, 63, 0, 0, 192, 62, 0, 0, 0, 63, 0, 0, 192, 62, 0, 0, 0, 63, 0, 0, 192, 62, 0, 0, 0, 63, 0, 0, 192, 62, 0, 0, 0, 63, 0, 0, 192, 62, 0, 0, 0, 63, 0, 0, 192, 62, 0, 0, 0, 0, 0, 0, 192, 62, 0, 0, 0, 0, 0, 0, 192, 62, 0, 0, 0, 0, 0, 0, 192, 62, 0, 0, 128, 63, 0, 0, 192, 62, 0, 0, 128, 63, 0, 0, 192, 62, 0, 0, 128, 63, 0, 0, 192, 62, 0, 0, 128, 62, 0, 0, 192, 62, 0, 0, 128, 62, 0, 0, 192, 62, 0, 0, 128, 62, 0, 0, 192, 62, 0, 0, 128, 62, 0, 0, 192, 62, 0, 0, 128, 62, 0, 0, 0, 63, 0, 0, 64, 63, 0, 0, 0, 63, 0, 0, 64, 63, 0, 0, 0, 63, 0, 0, 64, 63, 0, 0, 0, 62, 0, 0, 128, 62, 0, 0, 0, 62, 0, 0, 128, 62, 0, 0, 0, 62, 0, 0, 128, 62, 0, 0, 192, 62, 0, 0, 128, 63, 0, 0, 192, 62, 0, 0, 128, 63, 0, 0, 192, 62, 0, 0, 0, 0, 0, 0, 192, 62, 0, 0, 0, 0, 0, 0, 192, 62, 0, 0, 128, 63, 0, 0, 192, 62, 0, 0, 128, 63, 0, 0, 0, 62, 0, 0, 128, 62, 0, 0, 192, 62, 0, 0, 0, 0, 0, 0, 192, 62, 0, 0, 128, 63, 0, 0, 192, 62, 0, 0, 128, 62, 0, 0, 192, 62, 0, 0, 128, 62, 0, 0, 192, 62, 0, 0, 128, 62, 0, 0, 192, 62, 0, 0, 128, 62, 0, 0, 32, 63, 0, 0, 128, 62, 0, 0, 32, 63, 0, 0, 128, 62, 0, 0, 32, 63, 0, 0, 128, 62, 0, 0, 32, 63, 0, 0, 128, 62, 0, 0, 32, 63, 0, 0, 128, 62, 0, 0, 32, 63, 0, 0, 128, 62, 0, 0, 32, 63, 0, 0, 0, 63, 0, 0, 32, 63, 0, 0, 0, 63, 0, 0, 32, 63, 0, 0, 0, 63, 0, 0, 32, 63, 0, 0, 0, 63, 0, 0, 192, 62, 0, 0, 64, 63, 0, 0, 192, 62, 0, 0, 64, 63, 0, 0, 192, 62, 0, 0, 64, 63, 0, 0, 192, 62, 0, 0, 64, 63, 0, 0, 192, 62, 0, 0, 64, 63, 0, 0, 192, 62, 0, 0, 0, 63, 0, 0, 192, 62, 0, 0, 0, 63, 0, 0, 192, 62, 0, 0, 0, 63, 0, 0, 192, 62, 0, 0, 0, 63, 0, 0, 192, 62, 0, 0, 0, 63, 0, 0, 0, 62, 0, 0, 0, 63, 0, 0, 192, 62, 0, 0, 64, 63, 0, 0, 192, 62, 0, 0, 64, 63, 0, 0, 192, 62, 0, 0, 64, 63, 0, 0, 192, 62, 0, 0, 64, 63, 0, 0, 192, 62, 0, 0, 0, 63, 0, 0, 192, 62, 0, 0, 0, 63, 0, 0, 192, 62, 0, 0, 0, 63, 0, 0, 192, 62, 0, 0, 0, 63, 0, 0, 192, 62, 0, 0, 0, 63, 0, 0, 192, 62, 0, 0, 0, 0, 0, 0, 192, 62, 0, 0, 0, 0, 0, 0, 192, 62, 0, 0, 0, 0, 0, 0, 192, 62, 0, 0, 128, 63, 0, 0, 192, 62, 0, 0, 128, 63, 0, 0, 192, 62, 0, 0, 128, 63, 0, 0, 192, 62, 0, 0, 128, 62, 0, 0, 192, 62, 0, 0, 128, 62, 0, 0, 192, 62, 0, 0, 128, 62, 0, 0, 192, 62, 0, 0, 128, 62, 0, 0, 192, 62, 0, 0, 128, 62, 0, 0, 192, 62, 0, 0, 128, 62, 0, 0, 0, 62, 0, 0, 128, 62, 0, 0, 0, 62, 0, 0, 128, 62, 0, 0, 0, 62, 0, 0, 128, 62, 0, 0, 192, 62, 0, 0, 128, 63, 0, 0, 192, 62, 0, 0, 128, 63, 0, 0, 192, 62, 0, 0, 0, 0, 0, 0, 192, 62, 0, 0, 0, 0, 0, 0, 192, 62, 0, 0, 128, 63, 0, 0, 192, 62, 0, 0, 128, 63, 0, 0, 0, 62, 0, 0, 128, 62, 0, 0, 192, 62, 0, 0, 0, 0, 0, 0, 192, 62, 0, 0, 128, 63, 0, 0, 192, 62, 0, 0, 128, 62, 0, 0, 192, 62, 0, 0, 128, 62, 0, 0, 192, 62, 0, 0, 128, 62, 0, 0, 192, 62, 0, 0, 128, 62, 0, 0, 192, 62, 0, 0, 0, 0, 0, 0, 192, 62, 0, 0, 128, 63, 0, 0, 192, 62, 0, 0, 128, 63, 0, 0, 192, 62, 0, 0, 128, 63, 0, 0, 192, 62, 0, 0, 128, 63, 0, 0, 32, 63, 0, 0, 0, 0, 0, 0, 96, 63, 0, 0, 128, 62, 0, 0, 96, 63, 0, 0, 128, 62, 0, 0, 96, 63, 0, 0, 128, 62, 0, 0, 96, 63, 0, 0, 128, 62, 0, 0, 32, 63, 0, 0, 64, 63, 0, 0, 96, 63, 0, 0, 0, 63, 0, 0, 96, 63, 0, 0, 0, 63, 0, 0, 32, 63, 0, 0, 128, 62, 0, 0, 32, 63, 0, 0, 128, 62, 0, 0, 32, 63, 0, 0, 128, 62, 0, 0, 32, 63, 0, 0, 0, 63, 0, 0, 32, 63, 0, 0, 0, 63, 0, 0, 32, 63, 0, 0, 0, 63, 0, 0, 32, 63, 0, 0, 0, 63, 0, 0, 192, 62, 0, 0, 0, 0, 0, 0, 192, 62, 0, 0, 0, 0, 0, 0, 192, 62, 0, 0, 128, 63, 0, 0, 192, 62, 0, 0, 128, 63, 0, 0, 192, 62, 0, 0, 128, 63, 0, 0, 192, 62, 0, 0, 64, 63, 0, 0, 192, 62, 0, 0, 64, 63, 0, 0, 192, 62, 0, 0, 64, 63, 0, 0, 192, 62, 0, 0, 64, 63, 0, 0, 192, 62, 0, 0, 64, 63, 0, 0, 192, 62, 0, 0, 64, 63, 0, 0, 192, 62, 0, 0, 0, 63, 0, 0, 192, 62, 0, 0, 0, 63, 0, 0, 192, 62, 0, 0, 0, 63, 0, 0, 192, 62, 0, 0, 0, 63, 0, 0, 192, 62, 0, 0, 0, 0, 0, 0, 192, 62, 0, 0, 0, 0, 0, 0, 192, 62, 0, 0, 0, 0, 0, 0, 192, 62, 0, 0, 128, 63, 0, 0, 192, 62, 0, 0, 128, 63, 0, 0, 192, 62, 0, 0, 0, 0, 0, 0, 192, 62, 0, 0, 0, 0, 0, 0, 192, 62, 0, 0, 128, 63, 0, 0, 192, 62, 0, 0, 128, 63, 0, 0, 192, 62, 0, 0, 128, 63, 0, 0, 192, 62, 0, 0, 64, 63, 0, 0, 192, 62, 0, 0, 64, 63, 0, 0, 192, 62, 0, 0, 64, 63, 0, 0, 192, 62, 0, 0, 64, 63, 0, 0, 192, 62, 0, 0, 64, 63, 0, 0, 192, 62, 0, 0, 64, 63, 0, 0, 192, 62, 0, 0, 128, 62, 0, 0, 192, 62, 0, 0, 128, 62, 0, 0, 192, 62, 0, 0, 128, 62, 0, 0, 192, 62, 0, 0, 128, 62, 0, 0, 192, 62, 0, 0, 128, 62, 0, 0, 192, 62, 0, 0, 128, 62, 0, 0, 192, 62, 0, 0, 128, 62, 0, 0, 192, 62, 0, 0, 0, 63, 0, 0, 192, 62, 0, 0, 0, 63, 0, 0, 192, 62, 0, 0, 0, 63, 0, 0, 192, 62, 0, 0, 0, 63, 0, 0, 192, 62, 0, 0, 0, 63, 0, 0, 0, 62, 0, 0, 128, 62, 0, 0, 0, 62, 0, 0, 128, 62, 0, 0, 0, 62, 0, 0, 128, 62, 0, 0, 192, 62, 0, 0, 128, 63, 0, 0, 0, 62, 0, 0, 0, 63, 0, 0, 0, 62, 0, 0, 0, 63, 0, 0, 192, 62, 0, 0, 64, 63, 0, 0, 192, 62, 0, 0, 64, 63, 0, 0, 192, 62, 0, 0, 64, 63, 0, 0, 192, 62, 0, 0, 64, 63, 0, 0, 192, 62, 0, 0, 128, 62, 0, 0, 192, 62, 0, 0, 128, 62, 0, 0, 192, 62, 0, 0, 128, 62, 0, 0, 192, 62, 0, 0, 128, 62, 0, 0, 192, 62, 0, 0, 128, 62, 0, 0, 192, 62, 0, 0, 0, 63, 0, 0, 192, 62, 0, 0, 0, 63, 0, 0, 192, 62, 0, 0, 0, 63, 0, 0, 192, 62, 0, 0, 0, 63, 0, 0, 192, 62, 0, 0, 0, 0, 0, 0, 192, 62, 0, 0, 0, 0, 0, 0, 192, 62, 0, 0, 0, 0, 0, 0, 192, 62, 0, 0, 128, 63, 0, 0, 192, 62, 0, 0, 128, 63, 0, 0, 192, 62, 0, 0, 128, 62, 0, 0, 192, 62, 0, 0, 128, 62, 0, 0, 192, 62, 0, 0, 128, 62, 0, 0, 192, 62, 0, 0, 128, 62, 0, 0, 192, 62, 0, 0, 128, 62, 0, 0, 192, 62, 0, 0, 128, 62, 0, 0, 0, 63, 0, 0, 0, 0, 0, 0, 0, 63, 0, 0, 64, 63, 0, 0, 0, 63, 0, 0, 64, 63, 0, 0, 0, 63, 0, 0, 64, 63, 0, 0, 0, 63, 0, 0, 64, 63, 0, 0, 0, 63, 0, 0, 0, 63, 0, 0, 0, 63, 0, 0, 0, 63, 0, 0, 0, 63, 0, 0, 0, 63, 0, 0, 0, 63, 0, 0, 0, 63, 0, 0, 0, 63, 0, 0, 128, 62, 0, 0, 0, 63, 0, 0, 128, 62, 0, 0, 0, 63, 0, 0, 128, 62, 0, 0, 0, 63, 0, 0, 128, 62, 0, 0, 0, 63, 0, 0, 128, 62, 0, 0, 0, 63, 0, 0, 128, 62, 0, 0, 0, 63, 0, 0, 128, 62, 0, 0, 0, 62, 0, 0, 128, 62, 0, 0, 0, 62, 0, 0, 128, 62, 0, 0, 192, 62, 0, 0, 128, 63, 0, 0, 192, 62, 0, 0, 128, 63, 0, 0, 192, 62, 0, 0, 0, 0, 0, 0, 192, 62, 0, 0, 0, 0, 0, 0, 192, 62, 0, 0, 0, 0, 0, 0, 192, 62, 0, 0, 128, 63, 0, 0, 192, 62, 0, 0, 128, 63, 0, 0, 192, 62, 0, 0, 128, 63, 0, 0, 192, 62, 0, 0, 128, 62, 0, 0, 192, 62, 0, 0, 128, 62, 0, 0, 192, 62, 0, 0, 128, 62, 0, 0, 192, 62, 0, 0, 128, 62, 0, 0, 192, 62, 0, 0, 128, 62, 0, 0, 192, 62, 0, 0, 128, 62, 0, 0, 0, 62, 0, 0, 128, 62, 0, 0, 192, 62, 0, 0, 0, 0, 0, 0, 192, 62, 0, 0, 0, 0, 0, 0, 192, 62, 0, 0, 128, 63, 0, 0, 192, 62, 0, 0, 128, 63, 0, 0, 192, 62, 0, 0, 128, 62, 0, 0, 192, 62, 0, 0, 128, 62, 0, 0, 192, 62, 0, 0, 128, 62, 0, 0, 192, 62, 0, 0, 128, 62, 0, 0, 192, 62, 0, 0, 128, 62, 0, 0, 192, 62, 0, 0, 0, 0, 0, 0, 192, 62, 0, 0, 0, 0, 0, 0, 192, 62, 0, 0, 128, 63, 0, 0, 32, 63, 0, 0, 128, 62, 0, 0, 32, 63, 0, 0, 128, 62, 0, 0, 32, 63, 0, 0, 128, 62, 0, 0, 32, 63, 0, 0, 0, 63, 0, 0, 32, 63, 0, 0, 0, 63, 0, 0, 32, 63, 0, 0, 0, 63, 0, 0, 32, 63, 0, 0, 0, 63, 0, 0, 192, 62, 0, 0, 0, 0, 0, 0, 192, 62, 0, 0, 0, 0, 0, 0, 192, 62, 0, 0, 128, 63, 0, 0, 192, 62, 0, 0, 128, 63, 0, 0, 192, 62, 0, 0, 128, 63, 0, 0, 192, 62, 0, 0, 64, 63, 0, 0, 192, 62, 0, 0, 64, 63, 0, 0, 192, 62, 0, 0, 64, 63, 0, 0, 192, 62, 0, 0, 64, 63, 0, 0, 192, 62, 0, 0, 64, 63, 0, 0, 192, 62, 0, 0, 64, 63, 0, 0, 192, 62, 0, 0, 0, 63, 0, 0, 192, 62, 0, 0, 0, 63, 0, 0, 192, 62, 0, 0, 0, 63, 0, 0, 192, 62, 0, 0, 0, 63, 0, 0, 192, 62, 0, 0, 0, 63, 0, 0, 192, 62, 0, 0, 0, 0, 0, 0, 192, 62, 0, 0, 0, 0, 0, 0, 192, 62, 0, 0, 128, 63, 0, 0, 192, 62, 0, 0, 0, 0, 0, 0, 192, 62, 0, 0, 0, 0, 0, 0, 192, 62, 0, 0, 128, 63, 0, 0, 192, 62, 0, 0, 128, 63, 0, 0, 192, 62, 0, 0, 64, 63, 0, 0, 192, 62, 0, 0, 64, 63, 0, 0, 192, 62, 0, 0, 64, 63, 0, 0, 192, 62, 0, 0, 64, 63, 0, 0, 192, 62, 0, 0, 64, 63, 0, 0, 192, 62, 0, 0, 64, 63, 0, 0, 192, 62, 0, 0, 128, 62, 0, 0, 192, 62, 0, 0, 128, 62, 0, 0, 192, 62, 0, 0, 128, 62, 0, 0, 192, 62, 0, 0, 128, 62, 0, 0, 192, 62, 0, 0, 128, 62, 0, 0, 192, 62, 0, 0, 128, 62, 0, 0, 192, 62, 0, 0, 128, 62, 0, 0, 192, 62, 0, 0, 0, 63, 0, 0, 192, 62, 0, 0, 0, 63, 0, 0, 192, 62, 0, 0, 0, 63, 0, 0, 192, 62, 0, 0, 0, 63, 0, 0, 192, 62, 0, 0, 0, 63, 0, 0, 0, 62, 0, 0, 128, 62, 0, 0, 0, 62, 0, 0, 128, 62, 0, 0, 0, 62, 0, 0, 128, 62, 0, 0, 192, 62, 0, 0, 128, 63, 0, 0, 0, 62, 0, 0, 0, 63, 0, 0, 0, 62, 0, 0, 0, 63, 0, 0, 192, 62, 0, 0, 64, 63, 0, 0, 192, 62, 0, 0, 64, 63, 0, 0, 192, 62, 0, 0, 64, 63, 0, 0, 192, 62, 0, 0, 64, 63, 0, 0, 192, 62, 0, 0, 128, 62, 0, 0, 192, 62, 0, 0, 128, 62, 0, 0, 192, 62, 0, 0, 128, 62, 0, 0, 192, 62, 0, 0, 128, 62, 0, 0, 192, 62, 0, 0, 128, 62, 0, 0, 192, 62, 0, 0, 0, 63, 0, 0, 192, 62, 0, 0, 0, 63, 0, 0, 192, 62, 0, 0, 0, 63, 0, 0, 192, 62, 0, 0, 0, 63, 0, 0, 192, 62, 0, 0, 0, 63, 0, 0, 192, 62, 0, 0, 0, 0, 0, 0, 192, 62, 0, 0, 0, 0, 0, 0, 192, 62, 0, 0, 0, 0, 0, 0, 192, 62, 0, 0, 128, 63, 0, 0, 192, 62, 0, 0, 128, 62, 0, 0, 192, 62, 0, 0, 128, 62, 0, 0, 192, 62, 0, 0, 128, 62, 0, 0, 192, 62, 0, 0, 128, 62, 0, 0, 192, 62, 0, 0, 128, 62, 0, 0, 192, 62, 0, 0, 128, 62, 0, 0, 192, 62, 0, 0, 128, 62, 0, 0, 0, 63, 0, 0, 0, 63, 0, 0, 0, 63, 0, 0, 0, 63, 0, 0, 0, 63, 0, 0, 0, 63, 0, 0, 0, 63, 0, 0, 0, 63, 0, 0, 0, 63, 0, 0, 128, 62, 0, 0, 0, 63, 0, 0, 128, 62, 0, 0, 0, 63, 0, 0, 128, 62, 0, 0, 0, 63, 0, 0, 128, 62, 0, 0, 0, 63, 0, 0, 128, 62, 0, 0, 0, 63, 0, 0, 128, 62, 0, 0, 0, 62, 0, 0, 128, 62, 0, 0, 0, 62, 0, 0, 128, 62, 0, 0, 0, 62, 0, 0, 128, 62, 0, 0, 192, 62, 0, 0, 128, 63, 0, 0, 192, 62, 0, 0, 128, 63, 0, 0, 192, 62, 0, 0, 128, 62, 0, 0, 192, 62, 0, 0, 128, 62, 0, 0, 192, 62, 0, 0, 128, 62, 0, 0, 192, 62, 0, 0, 128, 62, 0, 0, 192, 62, 0, 0, 128, 62, 0, 0, 192, 62, 0, 0, 0, 0, 0, 0, 192, 62, 0, 0, 0, 0, 0, 0, 192, 62, 0, 0, 0, 0, 0, 0, 192, 62, 0, 0, 128, 63, 0, 0, 192, 62, 0, 0, 128, 63, 0, 0, 192, 62, 0, 0, 128, 63, 0, 0, 192, 62, 0, 0, 128, 62, 0, 0, 192, 62, 0, 0, 128, 62, 0, 0, 192, 62, 0, 0, 128, 62, 0, 0, 192, 62, 0, 0, 128, 62, 0, 0, 192, 62, 0, 0, 128, 62, 0, 0, 192, 62, 0, 0, 128, 62, 0, 0, 192, 62, 0, 0, 128, 62, 0, 0, 0, 62, 0, 0, 128, 62, 0, 0, 192, 62, 0, 0, 0, 0, 0, 0, 192, 62, 0, 0, 128, 63, 0, 0, 192, 62, 0, 0, 128, 63, 0, 0, 192, 62, 0, 0, 128, 62, 0, 0, 192, 62, 0, 0, 128, 62, 0, 0, 192, 62, 0, 0, 128, 62, 0, 0, 192, 62, 0, 0, 0, 0, 0, 0, 192, 62, 0, 0, 0, 0, 0, 0, 192, 62, 0, 0, 128, 63),
"bone_aabbs": [AABB(0, 0, 0, -1, -1, -1), AABB(0, 0.484256, -0.0679453, 0.211474, 0.378496, 0.135901), AABB(0.0914559, -0.000934467, -0.0618174, 0.128299, 0.575767, 0.123645), AABB(0.123442, -0.000934467, -0.0284297, 0.0961863, 0.167179, 0.181071), AABB(-0.211474, 0.484256, -0.0679453, 0.351618, 0.378496, 0.135901), AABB(-0.219755, -0.000934467, -0.0618174, 0.128309, 0.575767, 0.123645), AABB(-0.219628, -0.000934467, -0.0284297, 0.0961963, 0.167179, 0.181071), AABB(0, 0, 0, -1, -1, -1), AABB(0, 0, 0, -1, -1, -1), AABB(0, 0, 0, -1, -1, -1), AABB(0, 0, 0, -1, -1, -1), AABB(0, 0, 0, -1, -1, -1), AABB(0, 0, 0, -1, -1, -1), AABB(0, 0, 0, -1, -1, -1), AABB(0, 0, 0, -1, -1, -1), AABB(0, 0, 0, -1, -1, -1), AABB(0, 0, 0, -1, -1, -1), AABB(0, 0, 0, -1, -1, -1), AABB(0, 0, 0, -1, -1, -1), AABB(0, 0, 0, -1, -1, -1), AABB(0, 0, 0, -1, -1, -1), AABB(0, 0, 0, -1, -1, -1), AABB(0, 0, 0, -1, -1, -1), AABB(0, 0, 0, -1, -1, -1), AABB(0, 0, 0, -1, -1, -1), AABB(0, 0, 0, -1, -1, -1), AABB(0, 0, 0, -1, -1, -1), AABB(0, 0, 0, -1, -1, -1), AABB(0, 0, 0, -1, -1, -1), AABB(0, 0, 0, -1, -1, -1), AABB(0, 0, 0, -1, -1, -1), AABB(0, 0, 0, -1, -1, -1), AABB(-0.135389, 0.743554, -0.0679453, 0.275532, 0.132986, 0.135901)],
"format": 34359745559,
"index_count": 480,
"index_data": PackedByteArray(43, 0, 10, 0, 5, 0, 43, 0, 44, 0, 10, 0, 44, 0, 8, 0, 10, 0, 44, 0, 45, 0, 8, 0, 45, 0, 2, 0, 8, 0, 45, 0, 42, 0, 2, 0, 7, 0, 11, 0, 0, 0, 7, 0, 14, 0, 11, 0, 10, 0, 3, 0, 6, 0, 10, 0, 8, 0, 3, 0, 15, 0, 19, 0, 14, 0, 15, 0, 20, 0, 19, 0, 4, 0, 15, 0, 9, 0, 4, 0, 13, 0, 15, 0, 1, 0, 13, 0, 4, 0, 1, 0, 12, 0, 13, 0, 9, 0, 14, 0, 7, 0, 9, 0, 15, 0, 14, 0, 20, 0, 24, 0, 19, 0, 20, 0, 25, 0, 24, 0, 12, 0, 18, 0, 13, 0, 12, 0, 17, 0, 18, 0, 14, 0, 16, 0, 11, 0, 14, 0, 19, 0, 16, 0, 13, 0, 20, 0, 15, 0, 13, 0, 18, 0, 20, 0, 25, 0, 29, 0, 24, 0, 25, 0, 30, 0, 29, 0, 17, 0, 23, 0, 18, 0, 17, 0, 22, 0, 23, 0, 19, 0, 21, 0, 16, 0, 19, 0, 24, 0, 21, 0, 18, 0, 25, 0, 20, 0, 18, 0, 23, 0, 25, 0, 39, 0, 34, 0, 37, 0, 39, 0, 32, 0, 34, 0, 22, 0, 28, 0, 23, 0, 22, 0, 27, 0, 28, 0, 24, 0, 26, 0, 21, 0, 24, 0, 29, 0, 26, 0, 23, 0, 30, 0, 25, 0, 23, 0, 28, 0, 30, 0, 33, 0, 35, 0, 36, 0, 33, 0, 31, 0, 35, 0, 35, 0, 51, 0, 40, 0, 35, 0, 48, 0, 51, 0, 37, 0, 36, 0, 41, 0, 37, 0, 34, 0, 36, 0, 41, 0, 35, 0, 40, 0, 41, 0, 36, 0, 35, 0, 30, 0, 40, 0, 29, 0, 30, 0, 41, 0, 40, 0, 28, 0, 41, 0, 30, 0, 28, 0, 37, 0, 41, 0, 29, 0, 38, 0, 26, 0, 29, 0, 40, 0, 38, 0, 27, 0, 37, 0, 28, 0, 27, 0, 39, 0, 37, 0, 7, 0, 42, 0, 45, 0, 7, 0, 0, 0, 42, 0, 9, 0, 45, 0, 44, 0, 9, 0, 7, 0, 45, 0, 4, 0, 44, 0, 43, 0, 4, 0, 9, 0, 44, 0, 48, 0, 58, 0, 51, 0, 48, 0, 55, 0, 58, 0, 39, 0, 47, 0, 32, 0, 39, 0, 50, 0, 47, 0, 31, 0, 48, 0, 35, 0, 31, 0, 46, 0, 48, 0, 40, 0, 49, 0, 38, 0, 40, 0, 51, 0, 49, 0, 58, 0, 53, 0, 56, 0, 58, 0, 55, 0, 53, 0, 46, 0, 55, 0, 48, 0, 46, 0, 52, 0, 55, 0, 51, 0, 56, 0, 49, 0, 51, 0, 58, 0, 56, 0, 50, 0, 54, 0, 47, 0, 50, 0, 57, 0, 54, 0, 43, 0, 62, 0, 94, 0, 43, 0, 5, 0, 62, 0, 94, 0, 60, 0, 95, 0, 94, 0, 62, 0, 60, 0, 95, 0, 2, 0, 42, 0, 95, 0, 60, 0, 2, 0, 59, 0, 63, 0, 66, 0, 59, 0, 0, 0, 63, 0, 62, 0, 3, 0, 60, 0, 62, 0, 6, 0, 3, 0, 67, 0, 71, 0, 72, 0, 67, 0, 66, 0, 71, 0, 4, 0, 67, 0, 65, 0, 4, 0, 61, 0, 67, 0, 1, 0, 65, 0, 64, 0, 1, 0, 4, 0, 65, 0, 61, 0, 66, 0, 67, 0, 61, 0, 59, 0, 66, 0, 72, 0, 76, 0, 77, 0, 72, 0, 71, 0, 76, 0, 64, 0, 70, 0, 69, 0, 64, 0, 65, 0, 70, 0, 66, 0, 68, 0, 71, 0, 66, 0, 63, 0, 68, 0, 65, 0, 72, 0, 70, 0, 65, 0, 67, 0, 72, 0, 77, 0, 81, 0, 82, 0, 77, 0, 76, 0, 81, 0, 69, 0, 75, 0, 74, 0, 69, 0, 70, 0, 75, 0, 71, 0, 73, 0, 76, 0, 71, 0, 68, 0, 73, 0, 70, 0, 77, 0, 75, 0, 70, 0, 72, 0, 77, 0, 91, 0, 86, 0, 84, 0, 91, 0, 89, 0, 86, 0, 74, 0, 80, 0, 79, 0, 74, 0, 75, 0, 80, 0, 76, 0, 78, 0, 81, 0, 76, 0, 73, 0, 78, 0, 75, 0, 82, 0, 80, 0, 75, 0, 77, 0, 82, 0, 85, 0, 87, 0, 83, 0, 85, 0, 88, 0, 87, 0, 87, 0, 101, 0, 98, 0, 87, 0, 92, 0, 101, 0, 89, 0, 88, 0, 86, 0, 89, 0, 93, 0, 88, 0, 93, 0, 87, 0, 88, 0, 93, 0, 92, 0, 87, 0, 82, 0, 92, 0, 93, 0, 82, 0, 81, 0, 92, 0, 80, 0, 93, 0, 89, 0, 80, 0, 82, 0, 93, 0, 81, 0, 90, 0, 92, 0, 81, 0, 78, 0, 90, 0, 79, 0, 89, 0, 91, 0, 79, 0, 80, 0, 89, 0, 59, 0, 42, 0, 0, 0, 59, 0, 95, 0, 42, 0, 61, 0, 95, 0, 59, 0, 61, 0, 94, 0, 95, 0, 4, 0, 94, 0, 61, 0, 4, 0, 43, 0, 94, 0, 98, 0, 108, 0, 105, 0, 98, 0, 101, 0, 108, 0, 91, 0, 97, 0, 100, 0, 91, 0, 84, 0, 97, 0, 83, 0, 98, 0, 96, 0, 83, 0, 87, 0, 98, 0, 92, 0, 99, 0, 101, 0, 92, 0, 90, 0, 99, 0, 108, 0, 103, 0, 105, 0, 108, 0, 106, 0, 103, 0, 96, 0, 105, 0, 102, 0, 96, 0, 98, 0, 105, 0, 101, 0, 106, 0, 108, 0, 101, 0, 99, 0, 106, 0, 100, 0, 104, 0, 107, 0, 100, 0, 97, 0, 104, 0),
